empieza en la linea 1035								slice dt iso
51.50853,-0.12574,1546538400,2019-01-03 18:00:00 +0000 UTC,1546646400,2019-01-05 00:00:00 +0000 UTC,0.54,-0.82,1040.297,1035.134,90.46,43,1.91,315.954,,,0,0,0,,,,0
51.50853,-0.12574,1546538400,2019-01-03 18:00:00 +0000 UTC,1546657200,2019-01-05 03:00:00 +0000 UTC,0.41,-0.45,1039.259,1034.164,94.3,46,2.235,310.117,,,0,0,0,,0,,0
51.50853,-0.12574,1546538400,2019-01-03 18:00:00 +0000 UTC,1546668000,2019-01-05 06:00:00 +0000 UTC,0.25,-0.45,1038.261,1033.265,94.9,45,2.196,305.362,,,0,0,0,,,,0
51.50853,-0.12574,1546538400,2019-01-03 18:00:00 +0000 UTC,1546678800,2019-01-05 09:00:00 +0000 UTC,0.43,-0.95,1038.201,1033.42,90.9,31,2.405,302.864,,,0,0,0,,0,,0
51.50853,-0.12574,1546538400,2019-01-03 18:00:00 +0000 UTC,1546689600,2019-01-05 12:00:00 +0000 UTC,3.37,-1.65,1037.71,1032.863,69.7,16,2.657,295.263,,,0,0,0,,,,0
51.50853,-0.12574,1546538400,2019-01-03 18:00:00 +0000 UTC,1546700400,2019-01-05 15:00:00 +0000 UTC,3.65,-1.72,1036.738,1031.792,68,0,2.096,285.84,,,0,0,0,,0,,0
51.50853,-0.12574,1546538400,2019-01-03 18:00:00 +0000 UTC,1546711200,2019-01-05 18:00:00 +0000 UTC,1.67,-0.75,1036.655,1031.884,84.1,0,2.33,284.185,,,0,0,0,,,,0
51.50853,-0.12574,1546538400,2019-01-03 18:00:00 +0000 UTC,1546722000,2019-01-05 21:00:00 +0000 UTC,1.07,0.01,1036.323,1031.766,92.314,15,2.474,286.391,,,0,0,0,,0,,0

empieza en la linea 1224
51.50853,-0.12574,1546581600,2019-01-04 06:00:00 +0000 UTC,1546646400,2019-01-05 00:00:00 +0000 UTC,0.43,-1.13,1040.395,1035.242,89.175,57,2.021,311.53,,,0,0,0,,,,0
51.50853,-0.12574,1546581600,2019-01-04 06:00:00 +0000 UTC,1546657200,2019-01-05 03:00:00 +0000 UTC,0.39,-0.45,1039.301,1034.185,94.3,57,2.33,308.675,,,0,0,0,,0,,0
51.50853,-0.12574,1546581600,2019-01-04 06:00:00 +0000 UTC,1546668000,2019-01-05 06:00:00 +0000 UTC,0.29,-0.35,1038.73,1033.745,95.4,52,2.23,307.605,,,0,0,0,,,,0
51.50853,-0.12574,1546581600,2019-01-04 06:00:00 +0000 UTC,1546678800,2019-01-05 09:00:00 +0000 UTC,0.49,-0.65,1038.554,1033.728,92,39,2.334,305.461,,,0,0,0,,0,,0
51.50853,-0.12574,1546581600,2019-01-04 06:00:00 +0000 UTC,1546689600,2019-01-05 12:00:00 +0000 UTC,3.46,-1.15,1038.31,1033.258,71.9,20,2.625,294.534,,,0,0,0,,,,0
51.50853,-0.12574,1546581600,2019-01-04 06:00:00 +0000 UTC,1546700400,2019-01-05 15:00:00 +0000 UTC,3.78,-1.12,1037.141,1032.183,70.261,0,2.199,287.463,,,0,0,0,,0,,0
51.50853,-0.12574,1546581600,2019-01-04 06:00:00 +0000 UTC,1546711200,2019-01-05 18:00:00 +0000 UTC,1.77,-0.97,1037.288,1032.517,82.4,0,2.593,288.945,,,0,0,0,,,,0
51.50853,-0.12574,1546581600,2019-01-04 06:00:00 +0000 UTC,1546722000,2019-01-05 21:00:00 +0000 UTC,1.06,-0.2,1037,1032.391,90.942,11,2.496,294.923,,,0,0,0,,0,,0